
-2.114350147274447
-0.8407451053532184
-1.3145791093212753
-0.8474479048678244
-1.2037025754671387
-2.7032339758004342
-1.683718337724368
-2.531496336934662
-1.8343621060578699
-1.5057121376839364
-2.7202617823572
-0.9719038439400062
-0.9065650302871144
-0.33418528379791124
-27.63756879984967
-15.58310310058986
-1.6111469157419036
-114.99940935215376
-49.83307495691448
-4.68161340504314
-15.996706070526427
-124.03040634686987
-33.10394880386425
-122.31366443503332
-1.0714134360845329
-4.231252345532072
-17.569301879711062
-136.10453145373305
-12.326525402428906
-139.69566164475893
-8.338617154082165
-7.79830205073945
-11.740849542446748
-6.314552477017607